array([[ 0,  0,  0,  1,  1],
       [ 1,  0, -2,  0,  0],
       [ 1,  1, -2, -1, -1],
       [ 1,  1, -1, -2, -1],
       [ 1,  0, -1,  0,  0],
       [-1,  0,  1, -1,  0],
       [ 0,  0, -1,  0,  0],
       [ 1, -1,  0, -1, -1],
       [ 1,  1, -1, -2, -1],
       [ 1,  0, -1, -1,  0],
       [-1,  1,  1, -2, -1],
       [ 1, -1,  0, -1,  0],
       [ 1, -1,  0, -1, -3]])
curr Generation count: 400
4
True
array([[ 0,  0,  0,  1,  1],
       [ 1,  0, -2,  0,  0],
       [ 1,  1, -2, -1, -1],
       [ 1,  1, -1, -2, -1],
       [ 1,  0, -1,  0,  0],
       [-1,  0,  1, -1,  0],
       [ 0,  0, -1,  0,  0],
       [ 1, -1,  0, -1, -1],
       [ 1,  1, -1, -2, -1],
       [ 1,  0, -1, -1,  0],
       [-1,  1,  1, -2, -1],
       [ 1, -1,  0, -1,  1],
       [ 1, -1,  0, -1, -3]])
True
array([[ 0,  0,  0,  1,  1],
       [ 1,  0, -2,  0,  0],
       [ 1,  1, -2, -1,  0],
       [ 1,  1, -1, -2, -1],
       [ 1,  0, -1,  0,  0],
       [-1,  0,  1, -1,  0],
       [ 0,  0, -1,  0,  0],
       [ 1, -1,  0, -1, -1],
       [ 1,  1, -1, -2, -1],
       [ 1,  0, -1, -1,  0],
       [-1,  1,  1, -2, -1],
       [ 1, -1,  0, -1,  0],
       [ 1, -1,  0, -1, -3]])
True
array([[ 0,  0,  0,  1,  1],
       [ 1,  0, -2,  0,  0],
       [ 1,  1, -2, -1, -1],
       [ 1,  1, -1, -2, -2],
       [ 1,  0, -1,  0,  0],
       [-1,  0,  1, -1,  0],
       [ 0,  0, -1,  0,  0],
       [ 1, -1,  0, -1, -1],
       [ 1,  1, -1, -2, -1],
       [ 1,  0, -1, -1,  0],
       [-1,  1,  1, -2, -1],
       [ 1, -1,  0, -1,  0],
       [ 1, -1,  0, -1, -3]])
True
array([[ 0,  0,  0,  1,  1],
       [ 1,  0, -2,  0,  0],
       [ 1,  1, -2, -1, -1],
       [ 1,  1, -1, -2, -1],
       [ 1,  0, -1,  0,  0],
       [-1,  0,  1, -1,  0],
       [ 0,  0, -1,  0,  0],
       [ 1, -1,  0, -1,  0],
       [ 1,  1, -1, -2, -1],
       [ 1,  0, -1, -1,  0],
       [-1,  1,  1, -2, -1],
       [ 1, -1,  0, -1,  0],
       [ 1, -1,  0, -1, -3]])
True
array([[ 0,  0,  0,  1,  1],
       [ 1,  0, -2,  0, -1],
       [ 1,  1, -2, -1, -1],
       [ 1,  1, -1, -2, -1],
       [ 1,  0, -1,  0,  0],
       [-1,  0,  1, -1,  0],
       [ 0,  0, -1,  0,  0],
       [ 1, -1,  0, -1,  0],
       [ 1,  1, -1, -2, -1],
       [ 1,  0, -1, -1,  0],
       [-1,  1,  1, -2, -1],
       [ 1, -1,  0, -1,  0],
       [ 1, -1,  0, -1, -3]])
curr Generation count: 500
4
True
array([[ 0,  0,  0,  1,  1],
       [ 1,  0, -2,  0, -1],
       [ 1,  1, -2, -1, -1],
       [ 1,  1, -1, -2, -1],
       [ 1,  0, -1,  0,  0],
       [-1,  0,  1, -1,  0],
       [ 0,  0, -1,  0,  0],
       [ 1, -1,  0, -1, -1],
       [ 1,  1, -1, -2, -1],
       [ 1,  0, -1, -1,  0],
       [-1,  1,  1, -2, -1],
       [ 1, -1,  0, -1,  0],
       [ 1, -1,  0, -1, -3]])
True
array([[ 0,  0,  0,  1,  1],
       [ 1,  0, -2,  0,  0],
       [ 1,  1, -2, -1, -1],
       [ 1,  1, -1, -2, -1],
       [ 1,  0, -1,  0,  0],
       [-1,  0,  1, -1,  0],
       [ 0,  0, -1,  0,  0],
       [ 1, -1,  0, -1, -2],
       [ 1,  1, -1, -2, -1],
       [ 1,  0, -1, -1,  0],
       [-1,  1,  1, -2, -1],
       [ 1, -1,  0, -1,  0],
       [ 1, -1,  0, -1, -3]])
True
array([[ 0,  0,  0,  1,  1],
       [ 1,  0, -2,  0,  0],
       [ 1,  1, -2, -1, -1],
       [ 1,  1, -1, -2, -1],
       [ 1,  0, -1,  1,  0],
       [-1,  0,  1, -1,  0],
       [ 0,  0, -1,  0,  0],
       [ 1, -1,  0, -1, -1],
       [ 1,  1, -1, -2, -1],
       [ 1,  0, -1, -1,  0],
       [-1,  1,  1, -2, -1],
       [ 1, -1,  0, -1,  0],
       [ 1, -1,  0, -1, -3]])
True
array([[ 0,  0,  0,  1,  1],
       [ 1,  0, -2,  0,  0],
       [ 1,  1, -2, -1, -1],
       [ 1,  1, -1, -2, -1],
       [ 0,  0, -1,  0,  0],
       [-1,  0,  1, -1,  0],
       [ 0,  0, -1,  0,  0],
       [ 1, -1,  0, -1, -1],
       [ 1,  1, -1, -2, -1],
       [ 1,  0, -1, -1,  0],
       [-1,  1,  1, -2, -1],
       [ 1, -1,  0, -1,  0],
       [ 1, -1,  0, -1, -3]])
True
array([[ 0,  0,  0,  1,  1],
       [ 1,  0, -2,  0,  0],
       [ 1,  1, -2, -1, -1],
       [ 1,  1, -1, -2, -1],
       [ 1,  0, -1,  0,  0],
       [-1,  0,  1, -1,  0],
       [ 0,  0, -1,  0, -1],
       [ 1, -1,  0, -1, -1],
       [ 1,  1, -1, -2, -1],
       [ 1,  0, -1, -1,  0],
       [-1,  1,  1, -2, -1],
       [ 1, -1,  0, -1,  0],
       [ 1, -1,  0, -1, -3]])
curr Generation count: 600
4
True
array([[ 0,  0,  0,  1,  1],
       [ 1,  0, -2,  0,  0],
       [ 1,  1, -2, -1,  0],
       [ 1,  1, -1, -2, -1],
       [ 1,  0, -1,  0,  0],
       [-1,  0,  1, -1,  0],
       [ 0,  0, -1,  0,  0],
       [ 1, -1,  0, -1, -2],
       [ 1,  1, -1, -2, -1],
       [ 1,  0, -1, -1,  0],
       [-1,  1,  1, -2, -1],
       [ 1, -1,  0, -1,  0],
       [ 1, -1,  0, -1, -3]])
curr Generation count: 700
4
True
array([[ 0,  0,  0,  1,  1],
       [ 1,  0, -2,  0,  0],
       [ 1,  1, -2, -1, -1],
       [ 1,  1, -1, -2, -1],
       [ 1,  0, -1,  0,  0],
       [-1,  0,  1, -1, -1],
       [ 0,  0, -1,  0,  0],
       [ 1, -1,  0, -1, -1],
       [ 1,  1, -1, -2, -1],
       [ 1,  0, -1, -1,  0],
       [-1,  1,  1, -2, -1],
       [ 1, -1,  0, -1,  0],
       [ 1, -1,  0, -1, -3]])
True
array([[ 0,  0,  0,  1,  1],
       [ 1,  0, -2,  0, -1],
       [ 1,  1, -2, -1, -1],
       [ 1,  1, -1, -2, -1],
       [ 1,  0, -1,  0,  0],
       [-1,  0,  1, -1,  0],
       [ 0,  0, -1,  0,  0],
       [ 1, -1,  0, -1, -1],
       [ 1,  1, -1, -2, -1],
       [ 1,  0, -1, -1,  0],
       [-1,  1,  1, -2, -1],
       [ 1, -1,  0, -1,  1],
       [ 1, -1,  0, -1, -3]])
curr Generation count: 800
4
True
array([[ 0,  0,  0,  1,  1],
       [ 1,  0, -1,  0,  0],
       [ 1,  1, -2, -1, -1],
       [ 1,  1, -1, -2, -1],
       [ 1,  0, -1,  0,  0],
       [-1,  0,  1, -1,  0],
       [ 0,  0, -1,  0,  0],
       [ 1, -1,  0, -1, -1],
       [ 1,  1, -1, -2, -2],
       [ 1,  0, -1, -1,  0],
       [-1,  1,  1, -2, -1],
       [ 1, -1,  0, -1,  0],
       [ 1, -1,  0, -1, -3]])
True
array([[ 0,  0,  0,  1,  1],
       [ 1,  0, -2,  0,  0],
       [ 1,  1, -2, -1, -1],
       [ 1,  1, -1, -2, -1],
       [ 1,  0, -1, -1,  0],
       [-1,  0,  1, -1,  0],
       [ 0,  0, -1,  0,  0],
       [ 1, -1,  0, -1, -1],
       [ 1,  1, -1, -2, -1],
       [ 1,  0, -1, -1,  0],
       [-1,  1,  1, -2, -1],
       [ 1, -1,  0, -1,  1],
       [ 1, -1,  0, -1, -3]])
True
array([[ 0,  0,  0,  1,  1],
       [ 1,  0, -2,  0,  0],
       [ 1,  1, -2, -1, -1],
       [ 1,  1, -1, -2, -1],
       [ 1,  0, -1, -1,  0],
       [-1,  0,  1, -1,  0],
       [ 0,  0, -1,  0,  0],
       [ 1, -1,  0, -1, -1],
       [ 1,  1, -1, -2, -1],
       [ 1,  0, -1, -1,  0],
       [-1,  1,  1, -2, -1],
       [ 1, -1,  0, -1,  0],
       [ 1, -1,  0, -1, -3]])
True
array([[ 0,  0,  0,  1,  1],
       [ 1,  0, -2,  0,  0],
       [ 1,  1, -2, -1, -1],
       [ 1,  1, -1, -2, -1],
       [ 1,  0, -1,  0,  0],
       [-1,  0,  1, -1,  0],
       [ 0,  0, -1,  0,  0],
       [ 1, -1,  0, -1, -1],
       [ 1,  1, -1, -2, -2],
       [ 1,  0, -1, -1,  0],
       [-1,  1,  1, -2, -1],
       [ 1, -1,  0, -1,  0],
       [ 1, -1,  0, -1, -3]])
True
array([[ 0,  0,  0,  1,  1],
       [ 1,  0, -2,  0,  0],
       [ 1,  1, -2, -1, -1],
       [ 1,  1, -1, -2, -1],
       [ 1, -1, -1,  0,  0],
       [-1,  0,  1, -1,  0],
       [ 0,  0, -1,  0,  0],
       [ 1, -1,  0, -1, -1],
       [ 1,  1, -1, -2, -1],
       [ 1,  0, -1, -1,  0],
       [-1,  1,  1, -2, -1],
       [ 1, -1,  0, -1,  0],
       [ 1, -1,  0, -1, -3]])
curr Generation count: 900
4
True
array([[ 0,  0,  0,  1,  1],
       [ 1,  0, -2,  0,  0],
       [ 1,  1, -2, -1, -1],
       [ 1,  1, -1, -2, -1],
       [ 1,  0, -2,  0,  0],
       [-1,  0,  1, -1,  0],
       [ 0,  0, -1,  0,  0],
       [ 1, -1,  0, -1, -1],
       [ 1,  1, -1, -2, -1],
       [ 1,  0, -1, -1,  0],
       [-1,  1,  1, -2, -1],
       [ 1, -1,  0, -1,  0],
       [ 1, -1,  0, -1, -3]])
True
array([[ 0,  0,  0,  1,  1],
       [ 1,  0, -2,  0,  0],
       [ 1,  1, -2, -1, -1],
       [ 1,  1, -2, -1, -1],
       [ 1,  0, -1,  0,  0],
       [-1,  0,  1, -1,  0],
       [ 0,  0, -1,  0,  0],
       [ 1, -1,  0, -1, -1],
       [ 1,  1, -1, -2, -1],
       [ 1,  0, -1, -1,  0],
       [-1,  1,  1, -2, -1],
       [ 1, -1,  0, -1,  0],
       [ 1, -1,  0, -1, -3]])
curr Generation count: 1000
4
True
array([[ 0,  0,  0,  1,  1],
       [ 1,  0, -2,  0,  0],
       [ 1,  1, -2, -1, -1],
       [ 1,  1, -1, -2, -1],
       [ 1,  0, -1,  0,  0],
       [-1,  0,  1, -1,  0],
       [ 0,  0, -1,  0,  0],
       [ 1, -1,  0, -1, -1],
       [ 1,  1, -1, -2, -1],
       [ 1,  0, -1, -1,  0],
       [-1,  1,  1, -2, -1],
       [ 1, -1,  0, -1, -1],
       [ 1, -1,  0, -1, -3]])
True
array([[ 0,  0,  0,  1,  1],
       [ 1,  0, -2,  0,  0],
       [ 1,  1, -2, -1, -1],
       [ 1,  1, -1, -2, -1],
       [ 1,  0, -1, -1,  0],
       [-1,  0,  1, -1,  0],
       [ 0,  0, -1,  0,  0],
       [ 1, -1,  0, -1, -2],
       [ 1,  1, -1, -2, -1],
       [ 1,  0, -1, -1,  0],
       [-1,  1,  1, -2, -1],
       [ 1, -1,  0, -1,  0],
       [ 1, -1,  0, -1, -3]])
curr Generation count: 1100
4
True
array([[ 0,  0,  0,  1,  1],
       [ 1,  0, -2,  0,  0],
       [ 1,  1, -2, -1, -1],
       [ 1,  1, -1, -2, -1],
       [ 0,  0, -1,  0,  0],
       [-1,  0,  1, -1,  0],
       [ 0,  0, -1,  0,  0],
       [ 1, -1,  0, -1, -1],
       [ 1,  1, -1, -2, -2],
       [ 1,  0, -1, -1,  0],
       [-1,  1,  1, -2, -1],
       [ 1, -1,  0, -1,  0],
       [ 1, -1,  0, -1, -3]])
True
array([[ 0,  0,  0,  1,  1],
       [ 1,  0, -2,  0,  0],
       [ 1,  1, -2, -1, -1],
       [ 1,  1, -1, -2, -1],
       [ 1,  0, -2,  0,  0],
       [-1,  0,  1, -1,  0],
       [ 0,  0, -1,  0,  0],
       [ 1, -1,  0, -1, -1],
       [ 1,  1, -1, -2, -1],
       [ 1,  0, -1, -1,  0],
       [-1,  1,  1, -2, -1],
       [ 1, -1,  0, -1,  1],
       [ 1, -1,  0, -1, -3]])
curr Generation count: 1200
4
True
array([[ 0,  0,  0,  1,  1],
       [ 1,  0, -1,  0,  0],
       [ 1,  1, -2, -1, -1],
       [ 1,  1, -1, -2, -1],
       [ 1,  0, -1,  0,  0],
       [-1,  0,  1, -1,  0],
       [ 0,  0, -1,  0,  0],
       [ 1, -1,  0, -1, -1],
       [ 1,  1, -1, -2, -1],
       [ 1,  0, -1, -1,  0],
       [-1,  1,  1, -2, -1],
       [ 1, -1,  0, -1, -1],
       [ 1, -1,  0, -1, -3]])
curr Generation count: 1300
4
True
array([[ 0,  0,  0,  1,  1],
       [ 1,  0, -2,  0,  0],
       [ 1,  1, -2, -1, -1],
       [ 1,  1, -1, -2, -1],
       [ 0,  0, -1,  0,  0],
       [-1,  0,  1, -1,  0],
       [ 0,  0, -1,  0,  0],
       [ 1, -1,  0, -1, -1],
       [ 1,  1, -1, -2, -1],
       [ 1,  0, -1, -1,  0],
       [-1,  1,  1, -2, -1],
       [ 1, -1,  0, -1, -1],
       [ 1, -1,  0, -1, -3]])
True
array([[ 0,  0,  0,  1,  1],
       [ 1,  0, -2,  0,  0],
       [ 1,  1, -2, -1, -1],
       [ 1,  1, -1, -2, -1],
       [ 1,  0, -2,  0,  0],
       [-1,  0,  1, -1,  0],
       [ 0,  0, -1,  0,  0],
       [ 1, -1,  0, -1, -1],
       [ 1,  1, -1, -2, -1],
       [ 1,  0, -1, -1,  0],
       [-1,  1,  1, -2, -1],
       [ 1, -1,  0, -1, -1],
       [ 1, -1,  0, -1, -3]])
True
array([[ 0,  0,  0,  1,  1],
       [ 1,  0, -2,  0,  0],
       [ 1,  1, -2, -1,  0],
       [ 1,  1, -1, -2, -1],
       [ 1,  0, -1,  0,  0],
       [-1,  0,  1, -1,  0],
       [ 0,  0, -1,  0,  0],
       [ 1, -1,  0, -1, -1],
       [ 1,  1, -1, -2, -1],
       [ 1,  0, -1, -1,  0],
       [-1,  1,  1, -2, -1],
       [ 1, -1,  0, -1, -1],
       [ 1, -1,  0, -1, -3]])
True
array([[ 0,  0,  0,  1,  1],
       [ 1,  0, -2,  0,  0],
       [ 1,  1, -2, -1, -1],
       [ 1,  1, -1, -2, -2],
       [ 1,  0, -1,  0,  0],
       [-1,  0,  1, -1,  0],
       [ 0,  0, -1,  0,  0],
       [ 1, -1,  0, -1, -1],
       [ 1,  1, -1, -2, -1],
       [ 1,  0, -1, -1,  0],
       [-1,  1,  1, -2, -1],
       [ 1, -1,  0, -1, -1],
       [ 1, -1,  0, -1, -3]])
True
array([[ 0,  0,  0,  1,  1],
       [ 1,  0, -2,  0,  0],
       [ 1,  1, -2, -1, -1],
       [ 1,  1, -1, -2, -1],
       [ 1, -1, -1,  0,  0],
       [-1,  0,  1, -1,  0],
       [ 0,  0, -1,  0,  0],
       [ 1, -1,  0, -1, -1],
       [ 1,  1, -1, -2, -1],
       [ 1,  0, -1, -1,  0],
       [-1,  1,  1, -2, -1],
       [ 1, -1,  0, -1, -2],
       [ 1, -1,  0, -1, -3]])
True
array([[ 0,  0,  0,  1,  1],
       [ 1,  0, -2,  0,  0],
       [ 1,  1, -2, -1, -1],
       [ 1,  1, -1, -2, -1],
       [ 1,  0, -1,  0,  0],
       [-1,  0,  1, -1,  0],
       [ 0,  0, -1,  0, -1],
       [ 1, -1,  0, -1, -1],
       [ 1,  1, -1, -2, -1],
       [ 1,  0, -1, -1,  0],
       [-1,  1,  1, -2, -1],
       [ 1, -1,  0, -1, -1],
       [ 1, -1,  0, -1, -3]])
True
array([[ 0,  0,  0,  1,  1],
       [ 1,  0, -2,  0,  0],
       [ 1,  1, -2, -1, -1],
       [ 1,  1, -1, -2, -1],
       [ 1,  0, -1,  0,  0],
       [-1,  0,  1, -1,  0],
       [ 0,  0, -1,  0,  0],
       [ 1, -1,  0,  0, -1],
       [ 1,  1, -1, -2, -1],
       [ 1,  0, -1, -1,  0],
       [-1,  1,  1, -2, -1],
       [ 1, -1,  0, -1, -1],
       [ 1, -1,  0, -1, -3]])
True
array([[ 0,  0,  0,  1,  1],
       [ 1,  0, -2,  0,  0],
       [ 1,  1, -2, -1, -1],
       [ 1,  1, -1, -2, -2],
       [ 1,  0, -1,  0,  0],
       [-1,  0,  1, -1,  0],
       [ 0,  0, -1,  0,  0],
       [ 1, -1,  0, -1, -2],
       [ 1,  1, -1, -2, -1],
       [ 1,  0, -1, -1,  0],
       [-1,  1,  1, -2, -1],
       [ 1, -1,  0, -1, -1],
       [ 1, -1,  0, -1, -3]])
True
array([[ 0,  0,  0,  1,  1],
       [ 1,  0, -2,  0,  0],
       [ 1,  1, -2, -1, -1],
       [ 1,  1, -1, -2, -2],
       [ 1,  0, -1,  0,  0],
       [-1,  0,  1, -1,  0],
       [ 0,  0, -1,  0,  0],
       [ 1, -1,  0, -1, -2],
       [ 1,  1, -1, -2, -1],
       [ 1,  0, -1, -1, -1],
       [-1,  1,  1, -2, -1],
       [ 1, -1,  0, -1, -1],
       [ 1, -1,  0, -1, -3]])
curr Generation count: 1400
4
True
array([[ 0,  0,  0,  1,  1],
       [ 1,  0, -2,  0, -1],
       [ 1,  1, -2, -1, -1],
       [ 1,  1, -1, -2, -2],
       [ 1,  0, -1,  0,  0],
       [-1,  0,  1, -1,  0],
       [ 0,  0, -1,  0,  0],
       [ 1, -1,  0, -1, -2],
       [ 1,  1, -1, -2, -1],
       [ 1,  0, -1, -1,  0],
       [-1,  1,  1, -2, -1],
       [ 1, -1,  0, -1, -1],
       [ 1, -1,  0, -1, -3]])
True
array([[ 0,  0,  0,  1,  1],
       [ 1,  0, -1,  0,  0],
       [ 1,  1, -2, -1, -1],
       [ 1,  1, -1, -2, -2],
       [ 1,  0, -1,  0,  0],
       [-1,  0,  1, -1,  0],
       [ 0,  0, -1,  0,  0],
       [ 1, -1,  0, -1, -2],
       [ 1,  1, -1, -2, -1],
       [ 1,  0, -1, -1,  0],
       [-1,  1,  1, -2, -1],
       [ 1, -1,  0, -1, -1],
       [ 1, -1,  0, -1, -3]])
True
array([[ 0,  0,  0,  1,  1],
       [ 1,  0, -2,  0,  0],
       [ 1,  1, -2, -1, -1],
       [ 1,  1, -1, -2, -2],
       [ 1,  0, -1,  0,  0],
       [-1,  0,  1, -1,  0],
       [ 0,  0, -1,  0,  0],
       [ 1, -1,  0, -1, -2],
       [ 1,  1, -1, -2, -1],
       [ 1,  0, -1, -1,  0],
       [-1,  1,  1, -2, -1],
       [ 1, -1,  0, -1, -2],
       [ 1, -1,  0, -1, -3]])
True
array([[ 0,  0,  0,  1,  1],
       [ 1,  0, -2,  0,  0],
       [ 1,  1, -2, -1, -1],
       [ 1,  1, -1, -2, -2],
       [ 1,  0, -1,  0,  0],
       [-1,  0,  1, -1,  0],
       [ 0,  0, -1,  0,  0],
       [ 1, -1,  0, -1, -3],
       [ 1,  1, -1, -2, -1],
       [ 1,  0, -1, -1,  0],
       [-1,  1,  1, -2, -1],
       [ 1, -1,  0, -1, -1],
       [ 1, -1,  0, -1, -3]])
True
array([[ 0,  0,  0,  1,  1],
       [ 1,  0, -2,  0,  0],
       [ 1,  1, -2, -1, -1],
       [ 1,  1, -1, -2, -2],
       [ 1,  0, -1,  0,  0],
       [-1,  0,  1, -1,  0],
       [ 0,  0, -1,  0,  0],
       [ 1, -1,  0, -1,  0],
       [ 1,  1, -1, -2, -1],
       [ 1,  0, -1, -1,  0],
       [-1,  1,  1, -2, -1],
       [ 1, -1,  0, -1, -1],
       [ 1, -1,  0, -1, -3]])
True
array([[ 0,  0,  0,  1,  1],
       [ 1,  0, -2,  0,  0],
       [ 1,  1, -2, -1, -1],
       [ 1,  1, -1, -2, -2],
       [ 1,  0, -1,  0,  0],
       [-1,  0,  1, -1,  0],
       [ 0,  0, -1,  0,  0],
       [ 1, -1,  0, -1, -2],
       [ 1,  1, -1, -2, -1],
       [ 1,  0, -1,  0,  0],
       [-1,  1,  1, -2, -1],
       [ 1, -1,  0, -1, -1],
       [ 1, -1,  0, -1, -3]])
True
array([[ 0,  0,  0,  1,  1],
       [ 1,  0, -2,  0,  0],
       [ 1,  1, -2, -1, -1],
       [ 1,  1, -1, -2, -2],
       [ 1,  0, -1,  0,  0],
       [-1,  0,  1, -1,  0],
       [ 0,  0, -1,  0,  0],
       [ 1, -1,  0, -1, -2],
       [ 1,  1, -1, -2, -1],
       [ 1,  0, -1, -1,  0],
       [-1,  1,  1, -2, -1],
       [ 1, -1,  0, -1,  0],
       [ 1, -1,  0, -1, -3]])
curr Generation count: 1500
4
True
array([[ 0,  0,  0,  1,  1],
       [ 1,  0, -2,  0,  0],
       [ 1,  1, -2, -1, -1],
       [ 1,  1, -1, -2, -2],
       [ 1,  0, -1,  0,  0],
       [-1,  0,  1, -1,  0],
       [ 0,  0, -1,  0,  0],
       [ 1, -1,  0, -1, -2],
       [ 1,  1, -1, -2, -1],
       [ 1,  0, -2,  0,  0],
       [-1,  1,  1, -2, -1],
       [ 1, -1,  0, -1, -1],
       [ 1, -1,  0, -1, -3]])
True
array([[ 0,  0,  0,  1,  1],
       [ 1,  0, -2,  0,  0],
       [ 1,  1, -2, -1, -1],
       [ 1,  1, -1, -2, -2],
       [ 1,  0, -1,  0,  0],
       [-1,  0,  1, -1,  0],
       [ 0,  0, -1,  0,  0],
       [ 1, -1,  0, -1, -2],
       [ 1,  1, -1, -2, -1],
       [ 1,  0, -1,  0,  0],
       [-1,  1,  1, -2, -1],
       [ 1, -1,  0, -1, -2],
       [ 1, -1,  0, -1, -3]])
True
array([[ 0,  0,  0,  1,  1],
       [ 1,  0, -2,  0,  0],
       [ 1,  1, -2, -1, -1],
       [ 1,  1, -1, -2, -2],
       [ 1,  0, -1,  0, -1],
       [-1,  0,  1, -1,  0],
       [ 0,  0, -1,  0,  0],
       [ 1, -1,  0, -1, -2],
       [ 1,  1, -1, -2, -1],
       [ 1,  0, -1,  0,  0],
       [-1,  1,  1, -2, -1],
       [ 1, -1,  0, -1, -1],
       [ 1, -1,  0, -1, -3]])
curr Generation count: 1600
4
True
array([[ 0,  0,  0,  1,  1],
       [ 1,  0, -2,  0,  0],
       [ 1,  1, -2, -1, -1],
       [ 1,  1, -1, -2, -2],
       [ 1,  0, -1,  0,  0],
       [-1,  0,  1, -1,  0],
       [ 0,  0, -1,  0,  0],
       [ 1, -1,  0, -1, -2],
       [ 1,  1, -1, -2, -1],
       [ 1,  0, -1,  0, -1],
       [-1,  1,  1, -2, -1],
       [ 1, -1,  0, -1, -1],
       [ 1, -1,  0, -1, -3]])
True
array([[ 0,  0,  0,  1,  1],
       [ 1,  0, -2,  0,  0],
       [ 1,  1, -2, -1, -1],
       [ 1,  1, -1, -2, -2],
       [ 1,  0, -1,  0,  0],
       [-1,  0,  1, -1, -1],
       [ 0,  0, -1,  0,  0],
       [ 1, -1,  0, -1, -2],
       [ 1,  1, -1, -2, -1],
       [ 1,  0, -1,  0,  0],
       [-1,  1,  1, -2, -2],
       [ 1, -1,  0, -1, -1],
       [ 1, -1,  0, -1, -3]])
True
array([[ 0,  0,  0,  1,  1],
       [ 1,  0, -2,  0,  0],
       [ 1,  1, -2, -1, -1],
       [ 1,  1, -1, -2, -1],
       [ 1,  0, -1,  0,  0],
       [-1,  0,  1, -1,  0],
       [ 0,  0, -1,  0,  0],
       [ 1, -1,  0, -1, -2],
       [ 1,  1, -1, -2, -1],
       [ 1,  0, -1,  0,  0],
       [-1,  1,  1, -2, -1],
       [ 1, -1,  0, -1, -1],
       [ 1, -1,  0, -1, -3]])
True
array([[ 0,  0,  0,  1,  1],
       [ 1,  0, -2,  0,  0],
       [ 1,  1, -2, -1, -1],
       [ 1,  1, -1, -2, -2],
       [ 1,  0, -1,  0,  0],
       [-1,  0,  1, -1,  0],
       [ 0,  0, -1,  0,  0],
       [ 1, -1,  0, -1, -1],
       [ 1,  1, -1, -2, -1],
       [ 1,  0, -1,  0,  0],
       [-1,  1,  1, -2, -1],
       [ 1, -1,  0, -1, -1],
       [ 1, -1,  0, -1, -3]])
curr Generation count: 1700
4
True
array([[ 0,  0,  0,  1,  1],
       [ 1,  0, -2,  0,  0],
       [ 1,  1, -2, -1, -1],
       [ 1,  1, -1, -2, -3],
       [ 1,  0, -1,  0,  0],
       [-1,  0,  1, -1,  0],
       [ 0,  0, -1,  0,  0],
       [ 1, -1,  0, -1, -2],
       [ 1,  1, -1, -2, -1],
       [ 1,  0, -1,  0,  0],
       [-1,  1,  1, -2, -1],
       [ 1, -1,  0, -1, -1],
       [ 1, -1,  0, -1, -3]])
True
array([[ 0,  0,  0,  1,  1],
       [ 1,  0, -2,  0,  0],
       [ 1,  1, -2, -1, -1],
       [ 1,  1, -1, -2, -2],
       [ 1,  0, -1,  0,  0],
       [-1,  0,  1, -1, -1],
       [ 1,  0, -1,  0, -1],
       [ 1, -1,  0, -1, -2],
       [ 1,  1, -1, -2, -2],
       [ 1,  0, -1,  0,  0],
       [-1,  1,  1, -2, -1],
       [ 1, -1,  0, -1, -1],
       [ 1, -1,  0, -1, -3]])
True
array([[ 0,  0,  0,  1,  1],
       [ 1,  0, -2,  0,  0],
       [ 1,  1, -2, -1, -1],
       [ 1,  1, -1, -2, -2],
       [ 1,  0, -1,  1,  0],
       [-1,  0,  1, -1,  0],
       [ 0,  0, -1,  0,  0],
       [ 1, -1,  0, -1, -2],
       [ 1,  1, -1, -2, -1],
       [ 1,  0, -1,  0,  0],
       [-1,  1,  1, -2, -1],
       [ 1, -1,  0, -1, -1],
       [ 1, -1,  0, -1, -3]])
True
array([[ 0,  0,  0,  1,  1],
       [ 1,  0, -2,  0,  0],
       [ 1,  1, -2, -1, -1],
       [ 1,  1, -1, -2, -2],
       [ 1,  0, -1,  0,  0],
       [-1,  0,  1, -1,  0],
       [ 0,  0, -1,  0,  0],
       [ 1, -1,  0, -1, -2],
       [ 1,  1, -1, -2, -1],
       [ 1,  0, -1,  0,  0],
       [-1,  1,  1, -2, -1],
       [ 1, -1,  0, -1,  1],
       [ 1, -1,  0, -1, -3]])
curr Generation count: 1800
4
True
array([[ 0,  0,  0,  1,  1],
       [ 1,  0, -2,  0,  0],
       [ 1,  1, -2, -1, -1],
       [ 1,  1, -1, -2, -2],
       [ 1,  0, -1,  0,  0],
       [-1,  0,  1, -1, -1],
       [ 0,  0, -1,  0,  0],
       [ 1, -1,  0, -1, -2],
       [ 1,  1, -1, -2, -1],
       [ 1,  0, -1,  0,  0],
       [-1,  1,  1, -2, -1],
       [ 1, -1,  0, -1, -1],
       [ 1, -1,  0, -1, -3]])
curr Generation count: 1900
4
True
array([[ 0,  0,  0,  1,  1],
       [ 1,  0, -2,  0,  0],
       [ 1,  1, -2, -1, -1],
       [ 1,  1, -1, -2, -2],
       [ 1,  0, -1,  0,  0],
       [-1,  0,  1, -1,  0],
       [ 0,  0, -1,  0,  0],
       [ 1, -1,  0, -1, -3],
       [ 1,  1, -1, -2, -1],
       [ 1,  0, -1,  0,  0],
       [-1,  1,  1, -2, -1],
       [ 1, -1,  0, -1, -1],
       [ 1, -1,  0, -1, -3]])
True
array([[ 0,  0,  0,  1,  1],
       [ 1,  0, -2,  0,  0],
       [ 1,  1, -2, -1, -1],
       [ 1,  1, -1, -2, -2],
       [ 1,  0, -1,  0,  0],
       [-1,  0,  0,  0,  0],
       [ 0,  0, -1,  0,  0],
       [ 1, -1,  0, -1, -2],
       [ 1,  1, -1, -2, -1],
       [ 1,  0, -1,  0,  0],
       [-1,  1,  1, -2, -1],
       [ 1, -1,  0, -1, -1],
       [ 1, -1,  0, -1, -3]])