[[-2  3  1 -3  0], [ 1 -2 -1  2  0], [ 4 -4  1  2 -2], [ 1  2  3  0 -1], [-3  3 -1 -2  2], [ 1  2  3 -3 -1], [-2 -1 -3  0  2]]
[[-2  3  1 -3  0]
 [ 1 -2 -1  2  0]
 [ 4 -4  1  2 -2]
 [ 1  2  3  0 -1]
 [-3  3 -1 -2  2]
 [ 1  2  3 -3 -1]
 [-2 -1 -3  0  2]]
[[ 4 -2  3  2 -3], [ 1 -2 -1  2  0], [ 4 -4  1  2 -2], [ 1  2  3  0 -1], [-3  3 -1 -2  2], [ 1  2  3 -3 -1], [-2 -4 -5  2  1]]
[[ 4 -2  3  2 -3]
 [ 1 -2 -1  2  0]
 [ 4 -4  1  2 -2]
 [ 1  2  3  0 -1]
 [-3  3 -1 -2  2]
 [ 1  2  3 -3 -1]
 [-2 -4 -5  2  1]]
[[-2  3  1 -3  0], [ 1 -2 -1  2  0], [ 4 -4  1  2 -2], [ 1  2  3  0 -1], [-3  3 -1 -2  2], [ 1  2  3 -3 -1], [ 1 -2  3 -7 -5]]
[[-2  3  1 -3  0]
 [ 1 -2 -1  2  0]
 [ 4 -4  1  2 -2]
 [ 1  2  3  0 -1]
 [-3  3 -1 -2  2]
 [ 1  2  3 -3 -1]
 [ 1 -2  3 -7 -5]]
[[-2  3  1 -3  0], [ 1 -2 -1  2  0], [ 2  1  5 -3 -4], [ 1  2  3  0 -1], [-3  3 -1 -2  2], [ 1  2  3 -3 -1], [-2 -1 -3  0  2]]
[[-2  3  1 -3  0]
 [ 1 -2 -1  2  0]
 [ 2  1  5 -3 -4]
 [ 1  2  3  0 -1]
 [-3  3 -1 -2  2]
 [ 1  2  3 -3 -1]
 [-2 -1 -3  0  2]]
[[-2  3  1 -3  0], [ 1 -2 -1  2  0], [ 1  0  2 -1 -2], [ 1  2  3  0 -1], [-3  3 -1 -2  2], [ 1  2  3 -3 -1], [-2 -1 -3  0  2]]
[[-2  3  1 -3  0]
 [ 1 -2 -1  2  0]
 [ 1  0  2 -1 -2]
 [ 1  2  3  0 -1]
 [-3  3 -1 -2  2]
 [ 1  2  3 -3 -1]
 [-2 -1 -3  0  2]]
[[-2  3  1 -3  0], [ 1 -2 -1  2  0], [ 5 -4  3  1 -3], [ 1  2  3  0 -1], [-3  3 -1 -2  2], [ 1  2  3 -3 -1], [-2 -1 -3  0  2]]
[[-2  3  1 -3  0]
 [ 1 -2 -1  2  0]
 [ 5 -4  3  1 -3]
 [ 1  2  3  0 -1]
 [-3  3 -1 -2  2]
 [ 1  2  3 -3 -1]
 [-2 -1 -3  0  2]]
[[-2  3  1 -3  0], [ 1 -2 -1  2  0], [ 4 -4  1  2 -2], [ 1  2  3  0 -1], [-3  3 -1 -2  2], [ 1  2  3 -3 -1], [ 3 -6 -1  5 -3]]
[[-2  3  1 -3  0]
 [ 1 -2 -1  2  0]
 [ 4 -4  1  2 -2]
 [ 1  2  3  0 -1]
 [-3  3 -1 -2  2]
 [ 1  2  3 -3 -1]
 [ 3 -6 -1  5 -3]]
{'[[-2  3  1 -3  0], [ 1 -2 -1  2  0], [ 4 -4  1  2 -2], [ 1  2  3  0 -1], [-3  3 -1 -2  2], [ 1  2  3 -3 -1], [-2 -1 -3  0  2]]': ['<scipy.spatial._qhull.ConvexHull object at 0x000001D0CC3A1FD0>', array([[-2,  3,  1, -3,  0],
       [ 1, -2, -1,  2,  0],
       [ 4, -4,  1,  2, -2],
       [ 1,  2,  3,  0, -1],
       [-3,  3, -1, -2,  2],
       [ 1,  2,  3, -3, -1],
       [-2, -1, -3,  0,  2]])], '[[ 4 -2  3  2 -3], [ 1 -2 -1  2  0], [ 4 -4  1  2 -2], [ 1  2  3  0 -1], [-3  3 -1 -2  2], [ 1  2  3 -3 -1], [-2 -4 -5  2  1]]': ['<scipy.spatial._qhull.ConvexHull object at 0x000001D12ACA92D0>', array([[ 4, -2,  3,  2, -3],
       [ 1, -2, -1,  2,  0],
       [ 4, -4,  1,  2, -2],
       [ 1,  2,  3,  0, -1],
       [-3,  3, -1, -2,  2],
       [ 1,  2,  3, -3, -1],
       [-2, -4, -5,  2,  1]])], '[[-2  3  1 -3  0], [ 1 -2 -1  2  0], [ 4 -4  1  2 -2], [ 1  2  3  0 -1], [-3  3 -1 -2  2], [ 1  2  3 -3 -1], [ 1 -2  3 -7 -5]]': ['<scipy.spatial._qhull.ConvexHull object at 0x000001D130533F50>', array([[-2,  3,  1, -3,  0],
       [ 1, -2, -1,  2,  0],
       [ 4, -4,  1,  2, -2],
       [ 1,  2,  3,  0, -1],
       [-3,  3, -1, -2,  2],
       [ 1,  2,  3, -3, -1],
       [ 1, -2,  3, -7, -5]])], '[[-2  3  1 -3  0], [ 1 -2 -1  2  0], [ 2  1  5 -3 -4], [ 1  2  3  0 -1], [-3  3 -1 -2  2], [ 1  2  3 -3 -1], [-2 -1 -3  0  2]]': ['<scipy.spatial._qhull.ConvexHull object at 0x000001D13347AC10>', array([[-2,  3,  1, -3,  0],
       [ 1, -2, -1,  2,  0],
       [ 2,  1,  5, -3, -4],
       [ 1,  2,  3,  0, -1],
       [-3,  3, -1, -2,  2],
       [ 1,  2,  3, -3, -1],
       [-2, -1, -3,  0,  2]])], '[[-2  3  1 -3  0], [ 1 -2 -1  2  0], [ 1  0  2 -1 -2], [ 1  2  3  0 -1], [-3  3 -1 -2  2], [ 1  2  3 -3 -1], [-2 -1 -3  0  2]]': ['<scipy.spatial._qhull.ConvexHull object at 0x000001D14DFF2E90>', array([[-2,  3,  1, -3,  0],
       [ 1, -2, -1,  2,  0],
       [ 1,  0,  2, -1, -2],
       [ 1,  2,  3,  0, -1],
       [-3,  3, -1, -2,  2],
       [ 1,  2,  3, -3, -1],
       [-2, -1, -3,  0,  2]])], '[[-2  3  1 -3  0], [ 1 -2 -1  2  0], [ 5 -4  3  1 -3], [ 1  2  3  0 -1], [-3  3 -1 -2  2], [ 1  2  3 -3 -1], [-2 -1 -3  0  2]]': ['<scipy.spatial._qhull.ConvexHull object at 0x000001D1506FDE90>', array([[-2,  3,  1, -3,  0],
       [ 1, -2, -1,  2,  0],
       [ 5, -4,  3,  1, -3],
       [ 1,  2,  3,  0, -1],
       [-3,  3, -1, -2,  2],
       [ 1,  2,  3, -3, -1],
       [-2, -1, -3,  0,  2]])], '[[-2  3  1 -3  0], [ 1 -2 -1  2  0], [ 4 -4  1  2 -2], [ 1  2  3  0 -1], [-3  3 -1 -2  2], [ 1  2  3 -3 -1], [ 3 -6 -1  5 -3]]': ['<scipy.spatial._qhull.ConvexHull object at 0x000001D161289E50>', array([[-2,  3,  1, -3,  0],
       [ 1, -2, -1,  2,  0],
       [ 4, -4,  1,  2, -2],
       [ 1,  2,  3,  0, -1],
       [-3,  3, -1, -2,  2],
       [ 1,  2,  3, -3, -1],
       [ 3, -6, -1,  5, -3]])]}
7
